Actuals        0    1    2
Predictions               
0            490    0    0
1              1  820   38
2              0   24  219 

              precision    recall  f1-score   support

           0      0.998     1.000     0.999       490
           1      0.972     0.955     0.963       859
           2      0.852     0.901     0.876       243

    accuracy                          0.960      1592
   macro avg      0.941     0.952     0.946      1592
weighted avg      0.961     0.960     0.961      1592

0.998,1.000,0.999
0.972,0.955,0.963
0.852,0.901,0.876
*,*,*,*,*,*,*,*,*,*
0.960
0.941,0.952,0.946
0.961,0.960,0.961

****************************************************************************************************
