Predictions    0    1   2   3   4
Actuals                          
0            177    0   0   0   1
1              0  155  20   4   0
2              0    3  86  28   0
3              0    2  17  92  13
4              0    0   1  21  83 

              precision    recall  f1-score   support

           0      1.000     0.994     0.997       178
           1      0.969     0.866     0.914       179
           2      0.694     0.735     0.714       117
           3      0.634     0.742     0.684       124
           4      0.856     0.790     0.822       105

    accuracy                          0.844       703
   macro avg      0.830     0.826     0.826       703
weighted avg      0.855     0.844     0.848       703

1.000,0.994,0.997
0.969,0.866,0.914
0.694,0.735,0.714
0.634,0.742,0.684
0.856,0.790,0.822
*,*,*,*,*,*,*,*,*,*
0.844
0.830,0.826,0.826
0.855,0.844,0.848

****************************************************************************************************
