Actuals        0    1   2   3   4
Predictions                      
0            177    0   0   0   0
1              0  155   3   2   0
2              0   20  86  17   1
3              0    4  28  92  21
4              1    0   0  13  83 

              precision    recall  f1-score   support

           0      0.994     1.000     0.997       177
           1      0.866     0.969     0.914       160
           2      0.735     0.694     0.714       124
           3      0.742     0.634     0.684       145
           4      0.790     0.856     0.822        97

    accuracy                          0.844       703
   macro avg      0.826     0.830     0.826       703
weighted avg      0.839     0.844     0.840       703

0.994,1.000,0.997
0.866,0.969,0.914
0.735,0.694,0.714
0.742,0.634,0.684
0.790,0.856,0.822
*,*,*,*,*,*,*,*,*,*
0.844
0.826,0.830,0.826
0.839,0.844,0.840

****************************************************************************************************
