runs/6_32_500_1e-3_1e-10_Adam_0_25_3class_0.1/test_results.csv
Predictions    0    1    2
Actuals                   
0            490    1    0
1              0  835    9
2              0   42  215 

              precision    recall  f1-score   support

           0      1.000     0.998     0.999       491
           1      0.951     0.989     0.970       844
           2      0.960     0.837     0.894       257

    accuracy                          0.967      1592
   macro avg      0.970     0.941     0.954      1592
weighted avg      0.968     0.967     0.967      1592

1.000,0.998,0.999
0.951,0.989,0.970
0.960,0.837,0.894
*,*,*,*,*,*,*,*,*,*
0.967
0.970,0.941,0.954
0.968,0.967,0.967

****************************************************************************************************
runs/6_32_500_1e-3_1e-10_Adam_0_25_3class_0.1/test_results.csv
Predictions    0    1    2
Actuals                   
0            490    0    1
1              0  819   25
2              0   16  241 

              precision    recall  f1-score   support

           0      1.000     0.998     0.999       491
           1      0.981     0.970     0.976       844
           2      0.903     0.938     0.920       257

    accuracy                          0.974      1592
   macro avg      0.961     0.969     0.965      1592
weighted avg      0.974     0.974     0.974      1592

1.000,0.998,0.999
0.981,0.970,0.976
0.903,0.938,0.920
*,*,*,*,*,*,*,*,*,*
0.974
0.961,0.969,0.965
0.974,0.974,0.974

****************************************************************************************************
runs/6_32_500_1e-3_1e-10_Adam_0_25_3class_0.1/test_results.csv
Predictions    0    1    2
Actuals                   
0            490    0    1
1              0  819   25
2              0   16  241 

              precision    recall  f1-score   support

           0      1.000     0.998     0.999       491
           1      0.981     0.970     0.976       844
           2      0.903     0.938     0.920       257

    accuracy                          0.974      1592
   macro avg      0.961     0.969     0.965      1592
weighted avg      0.974     0.974     0.974      1592

1.000,0.998,0.999
0.981,0.970,0.976
0.903,0.938,0.920
*,*,*,*,*,*,*,*,*,*
0.974
0.961,0.969,0.965
0.974,0.974,0.974

****************************************************************************************************
