runs/7_32_500_1e-3_1e-10_Adam_0_25_5class_0.25/test_results.csv
Predictions    0    1   2   3   4
Actuals                          
0            178    0   0   0   0
1              0  143  30   3   3
2              0    8  96  11   2
3              0    1  38  53  32
4              0    0   9  23  73 

              precision    recall  f1-score   support

           0      1.000     1.000     1.000       178
           1      0.941     0.799     0.864       179
           2      0.555     0.821     0.662       117
           3      0.589     0.427     0.495       124
           4      0.664     0.695     0.679       105

    accuracy                          0.772       703
   macro avg      0.750     0.748     0.740       703
weighted avg      0.788     0.772     0.772       703

1.000,1.000,1.000
0.941,0.799,0.864
0.555,0.821,0.662
0.589,0.427,0.495
0.664,0.695,0.679
*,*,*,*,*,*,*,*,*,*
0.772
0.750,0.748,0.740
0.788,0.772,0.772

****************************************************************************************************
runs/7_32_500_1e-3_1e-10_Adam_0_25_5class_0.25/test_results.csv
Predictions    0    1   2   3   4
Actuals                          
0            178    0   0   0   0
1              0  139  33   5   2
2              0    9  88  18   2
3              0    0  32  71  21
4              0    0   6  37  62 

              precision    recall  f1-score   support

           0      1.000     1.000     1.000       178
           1      0.939     0.777     0.850       179
           2      0.553     0.752     0.638       117
           3      0.542     0.573     0.557       124
           4      0.713     0.590     0.646       105

    accuracy                          0.765       703
   macro avg      0.749     0.738     0.738       703
weighted avg      0.786     0.765     0.770       703

1.000,1.000,1.000
0.939,0.777,0.850
0.553,0.752,0.638
0.542,0.573,0.557
0.713,0.590,0.646
*,*,*,*,*,*,*,*,*,*
0.765
0.749,0.738,0.738
0.786,0.765,0.770

****************************************************************************************************
