runs/5_32_500_1e-3_1e-10_Adam_0_25_3class_0.25/test_results.csv
Predictions    0    1    2
Actuals                   
0            491    0    0
1              0  827   17
2              0   45  212 

              precision    recall  f1-score   support

           0      1.000     1.000     1.000       491
           1      0.948     0.980     0.964       844
           2      0.926     0.825     0.872       257

    accuracy                          0.961      1592
   macro avg      0.958     0.935     0.945      1592
weighted avg      0.961     0.961     0.960      1592

1.000,1.000,1.000
0.948,0.980,0.964
0.926,0.825,0.872
*,*,*,*,*,*,*,*,*,*
0.961
0.958,0.935,0.945
0.961,0.961,0.960

****************************************************************************************************
runs/5_32_500_1e-3_1e-10_Adam_0_25_3class_0.25/test_results.csv
Predictions    0    1    2
Actuals                   
0            491    0    0
1              0  834   10
2              0   47  210 

              precision    recall  f1-score   support

           0      1.000     1.000     1.000       491
           1      0.947     0.988     0.967       844
           2      0.955     0.817     0.881       257

    accuracy                          0.964      1592
   macro avg      0.967     0.935     0.949      1592
weighted avg      0.964     0.964     0.963      1592

1.000,1.000,1.000
0.947,0.988,0.967
0.955,0.817,0.881
*,*,*,*,*,*,*,*,*,*
0.964
0.967,0.935,0.949
0.964,0.964,0.963

****************************************************************************************************
runs/5_32_500_1e-3_1e-10_Adam_0_25_3class_0.25/test_results.csv
Predictions    0    1    2
Actuals                   
0            491    0    0
1              0  834   10
2              0   47  210 

              precision    recall  f1-score   support

           0      1.000     1.000     1.000       491
           1      0.947     0.988     0.967       844
           2      0.955     0.817     0.881       257

    accuracy                          0.964      1592
   macro avg      0.967     0.935     0.949      1592
weighted avg      0.964     0.964     0.963      1592

1.000,1.000,1.000
0.947,0.988,0.967
0.955,0.817,0.881
*,*,*,*,*,*,*,*,*,*
0.964
0.967,0.935,0.949
0.964,0.964,0.963

****************************************************************************************************
