runs/1_32_100_1e-3_1e-10_Adam_0_10_3class/test_results.csv
Predictions    0    1    2
Actuals                   
0            490    1    0
1              0  800   44
2              0   20  237 

              precision    recall  f1-score   support

           0      1.000     0.998     0.999       491
           1      0.974     0.948     0.961       844
           2      0.843     0.922     0.881       257

    accuracy                          0.959      1592
   macro avg      0.939     0.956     0.947      1592
weighted avg      0.961     0.959     0.960      1592

1.000,0.998,0.999
0.974,0.948,0.961
0.843,0.922,0.881
*,*,*,*,*,*,*,*,*,*
0.959
0.939,0.956,0.947
0.961,0.959,0.960

****************************************************************************************************
