runs/6_32_500_1e-3_1e-10_Adam_0_25_3class_0.1/test_results.csv
Predictions    0    1    2
Actuals                   
0            489    2    0
1              0  832   12
2              0   46  211 

              precision    recall  f1-score   support

           0      1.000     0.996     0.998       491
           1      0.945     0.986     0.965       844
           2      0.946     0.821     0.879       257

    accuracy                          0.962      1592
   macro avg      0.964     0.934     0.947      1592
weighted avg      0.962     0.962     0.961      1592

1.000,0.996,0.998
0.945,0.986,0.965
0.946,0.821,0.879
*,*,*,*,*,*,*,*,*,*
0.962
0.964,0.934,0.947
0.962,0.962,0.961

****************************************************************************************************
runs/6_32_500_1e-3_1e-10_Adam_0_25_3class_0.1/test_results.csv
Predictions    0    1    2
Actuals                   
0            490    1    0
1              0  796   48
2              0   18  239 

              precision    recall  f1-score   support

           0      1.000     0.998     0.999       491
           1      0.977     0.943     0.960       844
           2      0.833     0.930     0.879       257

    accuracy                          0.958      1592
   macro avg      0.936     0.957     0.946      1592
weighted avg      0.961     0.958     0.959      1592

1.000,0.998,0.999
0.977,0.943,0.960
0.833,0.930,0.879
*,*,*,*,*,*,*,*,*,*
0.958
0.936,0.957,0.946
0.961,0.958,0.959

****************************************************************************************************
