runs/8_32_500_1e-3_1e-10_Adam_0_25_5class_0.1/test_results.csv
Predictions    0    1   2   3   4
Actuals                          
0            176    1   0   0   1
1              0  136  27   9   7
2              0   14  74  21   8
3              0    3  23  53  45
4              0    0   1  20  84 

              precision    recall  f1-score   support

           0      1.000     0.989     0.994       178
           1      0.883     0.760     0.817       179
           2      0.592     0.632     0.612       117
           3      0.515     0.427     0.467       124
           4      0.579     0.800     0.672       105

    accuracy                          0.744       703
   macro avg      0.714     0.722     0.712       703
weighted avg      0.754     0.744     0.744       703

1.000,0.989,0.994
0.883,0.760,0.817
0.592,0.632,0.612
0.515,0.427,0.467
0.579,0.800,0.672
*,*,*,*,*,*,*,*,*,*
0.744
0.714,0.722,0.712
0.754,0.744,0.744

****************************************************************************************************
runs/8_32_500_1e-3_1e-10_Adam_0_25_5class_0.1/test_results.csv
Predictions    0   1    2   3   4
Actuals                          
0            178   0    0   0   0
1              0  79   86  11   3
2              0   1  104  10   2
3              0   0   38  54  32
4              0   0    7  21  77 

              precision    recall  f1-score   support

           0      1.000     1.000     1.000       178
           1      0.988     0.441     0.610       179
           2      0.443     0.889     0.591       117
           3      0.562     0.435     0.491       124
           4      0.675     0.733     0.703       105

    accuracy                          0.700       703
   macro avg      0.734     0.700     0.679       703
weighted avg      0.778     0.700     0.698       703

1.000,1.000,1.000
0.988,0.441,0.610
0.443,0.889,0.591
0.562,0.435,0.491
0.675,0.733,0.703
*,*,*,*,*,*,*,*,*,*
0.700
0.734,0.700,0.679
0.778,0.700,0.698

****************************************************************************************************
