runs/8_32_500_1e-3_1e-10_Adam_0_25_5class_0.1/test_results.csv
Predictions    0    1   2   3   4
Actuals                          
0            178    0   0   0   0
1              0  153  10  14   2
2              0   13  69  35   0
3              0    3  12  93  16
4              0    0   0  17  88 

              precision    recall  f1-score   support

           0      1.000     1.000     1.000       178
           1      0.905     0.855     0.879       179
           2      0.758     0.590     0.663       117
           3      0.585     0.750     0.657       124
           4      0.830     0.838     0.834       105

    accuracy                          0.826       703
   macro avg      0.816     0.807     0.807       703
weighted avg      0.837     0.826     0.828       703

1.000,1.000,1.000
0.905,0.855,0.879
0.758,0.590,0.663
0.585,0.750,0.657
0.830,0.838,0.834
*,*,*,*,*,*,*,*,*,*
0.826
0.816,0.807,0.807
0.837,0.826,0.828

****************************************************************************************************
runs/8_32_500_1e-3_1e-10_Adam_0_25_5class_0.1/test_results.csv
Predictions    0    1    2   3   4
Actuals                           
0            178    0    0   0   0
1              0  143   21  12   3
2              0    2  104  10   1
3              0    1   36  69  18
4              0    0    4  17  84 

              precision    recall  f1-score   support

           0      1.000     1.000     1.000       178
           1      0.979     0.799     0.880       179
           2      0.630     0.889     0.738       117
           3      0.639     0.556     0.595       124
           4      0.792     0.800     0.796       105

    accuracy                          0.822       703
   macro avg      0.808     0.809     0.802       703
weighted avg      0.839     0.822     0.824       703

1.000,1.000,1.000
0.979,0.799,0.880
0.630,0.889,0.738
0.639,0.556,0.595
0.792,0.800,0.796
*,*,*,*,*,*,*,*,*,*
0.822
0.808,0.809,0.802
0.839,0.822,0.824

****************************************************************************************************
runs/8_32_500_1e-3_1e-10_Adam_0_25_5class_0.1/test_results.csv
Predictions    0    1    2   3   4
Actuals                           
0            178    0    0   0   0
1              0  143   21  12   3
2              0    2  104  10   1
3              0    1   36  69  18
4              0    0    4  17  84 

              precision    recall  f1-score   support

           0      1.000     1.000     1.000       178
           1      0.979     0.799     0.880       179
           2      0.630     0.889     0.738       117
           3      0.639     0.556     0.595       124
           4      0.792     0.800     0.796       105

    accuracy                          0.822       703
   macro avg      0.808     0.809     0.802       703
weighted avg      0.839     0.822     0.824       703

1.000,1.000,1.000
0.979,0.799,0.880
0.630,0.889,0.738
0.639,0.556,0.595
0.792,0.800,0.796
*,*,*,*,*,*,*,*,*,*
0.822
0.808,0.809,0.802
0.839,0.822,0.824

****************************************************************************************************
