Predictions    0    1   2   3   4
Actuals                          
0            178    0   0   0   0
1              0  164  14   0   1
2              0   13  85  18   1
3              0    0  27  89   8
4              0    0   5  39  61 

              precision    recall  f1-score   support

           0      1.000     1.000     1.000       178
           1      0.927     0.916     0.921       179
           2      0.649     0.726     0.685       117
           3      0.610     0.718     0.659       124
           4      0.859     0.581     0.693       105

    accuracy                          0.821       703
   macro avg      0.809     0.788     0.792       703
weighted avg      0.833     0.821     0.822       703

1.000,1.000,1.000
0.927,0.916,0.921
0.649,0.726,0.685
0.610,0.718,0.659
0.859,0.581,0.693
*,*,*,*,*,*,*,*,*,*
0.821
0.809,0.788,0.792
0.833,0.821,0.822

****************************************************************************************************
