Actuals        0    1   2   3   4
Predictions                      
0            178    0   0   0   0
1              0  164  13   0   0
2              0   14  85  27   5
3              0    0  18  89  39
4              0    1   1   8  61 

              precision    recall  f1-score   support

           0      1.000     1.000     1.000       178
           1      0.916     0.927     0.921       177
           2      0.726     0.649     0.685       131
           3      0.718     0.610     0.659       146
           4      0.581     0.859     0.693        71

    accuracy                          0.821       703
   macro avg      0.788     0.809     0.792       703
weighted avg      0.827     0.821     0.820       703

1.000,1.000,1.000
0.916,0.927,0.921
0.726,0.649,0.685
0.718,0.610,0.659
0.581,0.859,0.693
*,*,*,*,*,*,*,*,*,*
0.821
0.788,0.809,0.792
0.827,0.821,0.820

****************************************************************************************************
