runs/5_32_500_1e-3_1e-10_Adam_0_25_3class_0.25/test_results.csv
Predictions    0    1    2
Actuals                   
0            490    1    0
1              0  836    8
2              0   76  181 

              precision    recall  f1-score   support

           0      1.000     0.998     0.999       491
           1      0.916     0.991     0.952       844
           2      0.958     0.704     0.812       257

    accuracy                          0.947      1592
   macro avg      0.958     0.898     0.921      1592
weighted avg      0.948     0.947     0.944      1592

1.000,0.998,0.999
0.916,0.991,0.952
0.958,0.704,0.812
*,*,*,*,*,*,*,*,*,*
0.947
0.958,0.898,0.921
0.948,0.947,0.944

****************************************************************************************************
runs/5_32_500_1e-3_1e-10_Adam_0_25_3class_0.25/test_results.csv
Predictions    0    1    2
Actuals                   
0            490    1    0
1              0  832   12
2              0   65  192 

              precision    recall  f1-score   support

           0      1.000     0.998     0.999       491
           1      0.927     0.986     0.955       844
           2      0.941     0.747     0.833       257

    accuracy                          0.951      1592
   macro avg      0.956     0.910     0.929      1592
weighted avg      0.952     0.951     0.949      1592

1.000,0.998,0.999
0.927,0.986,0.955
0.941,0.747,0.833
*,*,*,*,*,*,*,*,*,*
0.951
0.956,0.910,0.929
0.952,0.951,0.949

****************************************************************************************************
