Predictions    0    1    2
Actuals                   
0            489    0    2
1              0  821   23
2              0   21  236 

              precision    recall  f1-score   support

           0      1.000     0.996     0.998       491
           1      0.975     0.973     0.974       844
           2      0.904     0.918     0.911       257

    accuracy                          0.971      1592
   macro avg      0.960     0.962     0.961      1592
weighted avg      0.971     0.971     0.971      1592

1.000,0.996,0.998
0.975,0.973,0.974
0.904,0.918,0.911
*,*,*,*,*,*,*,*,*,*
0.971
0.960,0.962,0.961
0.971,0.971,0.971

****************************************************************************************************
