runs/7_32_500_1e-3_1e-10_Adam_0_25_5class_0.25/test_results.csv
Predictions    0    1   2   3   4
Actuals                          
0            177    0   0   0   1
1              0  143  25   7   4
2              0    5  90  22   0
3              0    3  25  78  18
4              0    0   2  18  85 

              precision    recall  f1-score   support

           0      1.000     0.994     0.997       178
           1      0.947     0.799     0.867       179
           2      0.634     0.769     0.695       117
           3      0.624     0.629     0.627       124
           4      0.787     0.810     0.798       105

    accuracy                          0.815       703
   macro avg      0.798     0.800     0.797       703
weighted avg      0.827     0.815     0.819       703

1.000,0.994,0.997
0.947,0.799,0.867
0.634,0.769,0.695
0.624,0.629,0.627
0.787,0.810,0.798
*,*,*,*,*,*,*,*,*,*
0.815
0.798,0.800,0.797
0.827,0.815,0.819

****************************************************************************************************
runs/7_32_500_1e-3_1e-10_Adam_0_25_5class_0.25/test_results.csv
Predictions    0    1    2   3   4
Actuals                           
0            178    0    0   0   0
1              0  136   35   5   3
2              0    2  100  15   0
3              0    2   34  76  12
4              0    0    5  18  82 

              precision    recall  f1-score   support

           0      1.000     1.000     1.000       178
           1      0.971     0.760     0.853       179
           2      0.575     0.855     0.687       117
           3      0.667     0.613     0.639       124
           4      0.845     0.781     0.812       105

    accuracy                          0.814       703
   macro avg      0.812     0.802     0.798       703
weighted avg      0.840     0.814     0.819       703

1.000,1.000,1.000
0.971,0.760,0.853
0.575,0.855,0.687
0.667,0.613,0.639
0.845,0.781,0.812
*,*,*,*,*,*,*,*,*,*
0.814
0.812,0.802,0.798
0.840,0.814,0.819

****************************************************************************************************
runs/7_32_500_1e-3_1e-10_Adam_0_25_5class_0.25/test_results.csv
Predictions    0    1    2   3   4
Actuals                           
0            178    0    0   0   0
1              0  136   35   5   3
2              0    2  100  15   0
3              0    2   34  76  12
4              0    0    5  18  82 

              precision    recall  f1-score   support

           0      1.000     1.000     1.000       178
           1      0.971     0.760     0.853       179
           2      0.575     0.855     0.687       117
           3      0.667     0.613     0.639       124
           4      0.845     0.781     0.812       105

    accuracy                          0.814       703
   macro avg      0.812     0.802     0.798       703
weighted avg      0.840     0.814     0.819       703

1.000,1.000,1.000
0.971,0.760,0.853
0.575,0.855,0.687
0.667,0.613,0.639
0.845,0.781,0.812
*,*,*,*,*,*,*,*,*,*
0.814
0.812,0.802,0.798
0.840,0.814,0.819

****************************************************************************************************
